
 Shear/q and Bending Moment/q vs Y
  Configuration: PSO_Run_4796_18_b69843                                      
  Mach  =    0.850
  alpha =    1.664    CLtot =    0.147
  beta  =    0.000

  Sref  =  1142.20000
  Bref  =    69.75000
   
 Surface:   1  
MainWing                                
     2Ymin/Bref =    0.0000000000000000     
     2Ymax/Bref =    1.0069562724014338     
   2Y/Bref      Vz/(q*Sref)      Mx/(q*Bref*Sref)
    0.0000  0.733404E-01     0.141263E-01
    0.0003  0.732192E-01     0.140870E-01
    0.0024  0.729770E-01     0.140087E-01
    0.0067  0.724938E-01     0.138532E-01
    0.0131  0.717724E-01     0.136228E-01
    0.0216  0.708168E-01     0.133206E-01
    0.0321  0.696327E-01     0.129509E-01
    0.0446  0.682270E-01     0.125189E-01
    0.0591  0.666081E-01     0.120306E-01
    0.0755  0.647859E-01     0.114927E-01
    0.0937  0.627733E-01     0.109124E-01
    0.1137  0.605914E-01     0.102975E-01
    0.1359  0.582002E-01     0.963722E-02
    0.1604  0.555944E-01     0.894091E-02
    0.1864  0.528167E-01     0.823557E-02
    0.2139  0.498764E-01     0.753055E-02
    0.2427  0.468028E-01     0.683492E-02
    0.2727  0.436369E-01     0.615715E-02
    0.3038  0.404297E-01     0.550469E-02
    0.3347  0.373578E-01     0.490037E-02
    0.3654  0.344780E-01     0.434457E-02
    0.3967  0.317081E-01     0.382220E-02
    0.4284  0.290461E-01     0.333533E-02
    0.4605  0.264914E-01     0.288543E-02
    0.4928  0.240454E-01     0.247339E-02
    0.5252  0.217108E-01     0.209952E-02
    0.5575  0.194909E-01     0.176359E-02
    0.5896  0.173890E-01     0.146483E-02
    0.6214  0.154082E-01     0.120200E-02
    0.6527  0.135513E-01     0.973444E-03
    0.6833  0.118206E-01     0.777138E-03
    0.7133  0.102176E-01     0.610775E-03
    0.7423  0.874313E-02     0.471829E-03
    0.7703  0.739738E-02     0.357617E-03
    0.7973  0.617972E-02     0.265377E-03
    0.8230  0.508892E-02     0.192330E-03
    0.8473  0.412313E-02     0.135739E-03
    0.8702  0.328000E-02     0.929670E-04
    0.8916  0.255653E-02     0.615235E-04
    0.9113  0.194868E-02     0.391143E-04
    0.9293  0.144994E-02     0.236865E-04
    0.9458  0.103718E-02     0.132865E-04
    0.9608  0.697765E-03     0.670383E-05
    0.9738  0.434375E-03     0.298719E-05
    0.9847  0.242663E-03     0.112028E-05
    0.9934  0.115373E-03     0.325341E-06
    1.0000  0.419135E-04     0.621093E-07
    1.0045  0.881469E-05     0.530810E-08
    1.0067  0.516814E-06     0.725685E-10
    1.0070   0.00000          0.00000    
   
 Surface:   2  
MainWing (YDUP)                         
     2Ymin/Bref =   -1.0069562724014338     
     2Ymax/Bref =    0.0000000000000000     
   2Y/Bref      Vz/(q*Sref)      Mx/(q*Bref*Sref)
    0.0000  0.733404E-01    -0.141263E-01
   -0.0003  0.732192E-01    -0.140870E-01
   -0.0024  0.729770E-01    -0.140087E-01
   -0.0067  0.724938E-01    -0.138532E-01
   -0.0131  0.717724E-01    -0.136228E-01
   -0.0216  0.708168E-01    -0.133206E-01
   -0.0321  0.696327E-01    -0.129509E-01
   -0.0446  0.682270E-01    -0.125189E-01
   -0.0591  0.666081E-01    -0.120306E-01
   -0.0755  0.647859E-01    -0.114927E-01
   -0.0937  0.627733E-01    -0.109124E-01
   -0.1137  0.605914E-01    -0.102975E-01
   -0.1359  0.582002E-01    -0.963722E-02
   -0.1604  0.555944E-01    -0.894091E-02
   -0.1864  0.528167E-01    -0.823557E-02
   -0.2139  0.498764E-01    -0.753055E-02
   -0.2427  0.468028E-01    -0.683492E-02
   -0.2727  0.436369E-01    -0.615715E-02
   -0.3038  0.404297E-01    -0.550469E-02
   -0.3347  0.373578E-01    -0.490037E-02
   -0.3654  0.344780E-01    -0.434457E-02
   -0.3967  0.317081E-01    -0.382220E-02
   -0.4284  0.290461E-01    -0.333533E-02
   -0.4605  0.264914E-01    -0.288543E-02
   -0.4928  0.240454E-01    -0.247339E-02
   -0.5252  0.217108E-01    -0.209952E-02
   -0.5575  0.194909E-01    -0.176359E-02
   -0.5896  0.173890E-01    -0.146483E-02
   -0.6214  0.154082E-01    -0.120200E-02
   -0.6527  0.135513E-01    -0.973444E-03
   -0.6833  0.118206E-01    -0.777138E-03
   -0.7133  0.102176E-01    -0.610775E-03
   -0.7423  0.874313E-02    -0.471829E-03
   -0.7703  0.739738E-02    -0.357617E-03
   -0.7973  0.617972E-02    -0.265377E-03
   -0.8230  0.508892E-02    -0.192330E-03
   -0.8473  0.412313E-02    -0.135739E-03
   -0.8702  0.328000E-02    -0.929670E-04
   -0.8916  0.255653E-02    -0.615235E-04
   -0.9113  0.194868E-02    -0.391143E-04
   -0.9293  0.144994E-02    -0.236865E-04
   -0.9458  0.103718E-02    -0.132865E-04
   -0.9608  0.697765E-03    -0.670383E-05
   -0.9738  0.434375E-03    -0.298719E-05
   -0.9847  0.242663E-03    -0.112028E-05
   -0.9934  0.115373E-03    -0.325341E-06
   -1.0000  0.419135E-04    -0.621093E-07
   -1.0045  0.881469E-05    -0.530810E-08
   -1.0067  0.516814E-06    -0.725685E-10
   -1.0070   0.00000         -0.00000    
   
 Surface:   3  
VFinLeft                                
     2Ymin/Bref =   0.11756272401433691     
     2Ymax/Bref =   0.18226523297491037     
   2Y/Bref      Vz/(q*Sref)      Mx/(q*Bref*Sref)
    0.1176  0.799405E-03     0.241776E-04
    0.1178  0.797624E-03     0.233121E-04
    0.1200  0.789775E-03     0.215915E-04
    0.1242  0.755327E-03     0.183562E-04
    0.1302  0.675410E-03     0.141194E-04
    0.1375  0.549523E-03     0.967677E-05
    0.1457  0.403951E-03     0.581981E-05
    0.1541  0.268662E-03     0.300299E-05
    0.1623  0.158865E-03     0.127357E-05
    0.1696  0.794600E-04     0.409213E-06
    0.1756  0.301644E-04     0.845857E-07
    0.1798  0.657236E-05     0.766134E-08
    0.1820  0.395387E-06     0.108997E-09
    0.1823   0.00000          0.00000    
   
 Surface:   4  
VFinLeft (YDUP)                         
     2Ymin/Bref =  -0.18226523297491037     
     2Ymax/Bref =  -0.11756272401433691     
   2Y/Bref      Vz/(q*Sref)      Mx/(q*Bref*Sref)
   -0.1176  0.799405E-03    -0.241776E-04
   -0.1178  0.797624E-03    -0.233121E-04
   -0.1200  0.789775E-03    -0.215915E-04
   -0.1242  0.755327E-03    -0.183562E-04
   -0.1302  0.675410E-03    -0.141194E-04
   -0.1375  0.549523E-03    -0.967677E-05
   -0.1457  0.403951E-03    -0.581981E-05
   -0.1541  0.268662E-03    -0.300299E-05
   -0.1623  0.158865E-03    -0.127357E-05
   -0.1696  0.794600E-04    -0.409213E-06
   -0.1756  0.301644E-04    -0.845857E-07
   -0.1798  0.657236E-05    -0.766134E-08
   -0.1820  0.395387E-06    -0.108997E-09
   -0.1823   0.00000         -0.00000    
