
 Shear/q and Bending Moment/q vs Y
  Configuration: PSO_Run_29508_18_d05cfe                                     
  Mach  =    0.850
  alpha =    2.159    CLtot =    0.157
  beta  =    0.000

  Sref  =   999.10000
  Bref  =    57.48000
   
 Surface:   1  
MainWing                                
     2Ymin/Bref =    0.0000000000000000     
     2Ymax/Bref =    1.0057237299930410     
   2Y/Bref      Vz/(q*Sref)      Mx/(q*Bref*Sref)
    0.0000  0.781822E-01     0.155019E-01
    0.0003  0.780632E-01     0.154605E-01
    0.0024  0.778252E-01     0.153777E-01
    0.0066  0.773502E-01     0.152132E-01
    0.0130  0.766401E-01     0.149692E-01
    0.0214  0.756980E-01     0.146491E-01
    0.0318  0.745276E-01     0.142569E-01
    0.0443  0.731341E-01     0.137981E-01
    0.0586  0.715236E-01     0.132785E-01
    0.0749  0.697037E-01     0.127051E-01
    0.0929  0.676834E-01     0.120853E-01
    0.1127  0.654753E-01     0.114270E-01
    0.1342  0.631015E-01     0.107386E-01
    0.1574  0.605629E-01     0.100192E-01
    0.1825  0.578714E-01     0.927778E-02
    0.2089  0.550519E-01     0.853182E-02
    0.2366  0.521123E-01     0.778990E-02
    0.2655  0.490707E-01     0.706027E-02
    0.2954  0.459529E-01     0.635066E-02
    0.3262  0.427889E-01     0.566799E-02
    0.3577  0.396114E-01     0.501830E-02
    0.3899  0.364539E-01     0.440652E-02
    0.4226  0.333531E-01     0.383644E-02
    0.4553  0.303732E-01     0.331359E-02
    0.4878  0.275394E-01     0.283828E-02
    0.5204  0.248389E-01     0.240746E-02
    0.5529  0.222771E-01     0.202077E-02
    0.5852  0.198562E-01     0.167718E-02
    0.6172  0.175783E-01     0.137520E-02
    0.6487  0.154460E-01     0.111283E-02
    0.6796  0.134610E-01     0.887692E-03
    0.7097  0.116250E-01     0.697066E-03
    0.7389  0.993859E-02     0.537997E-03
    0.7672  0.840166E-02     0.407358E-03
    0.7943  0.701315E-02     0.301939E-03
    0.8201  0.577106E-02     0.218518E-03
    0.8446  0.467250E-02     0.153936E-03
    0.8677  0.371368E-02     0.105163E-03
    0.8892  0.288998E-02     0.693506E-04
    0.9090  0.219575E-02     0.438861E-04
    0.9271  0.162360E-02     0.264334E-04
    0.9438  0.114986E-02     0.147278E-04
    0.9590  0.764849E-03     0.737447E-05
    0.9721  0.471670E-03     0.326563E-05
    0.9832  0.261613E-03     0.121895E-05
    0.9920  0.123768E-03     0.352857E-06
    0.9987  0.448371E-04     0.672390E-07
    1.0032  0.942166E-05     0.574311E-08
    1.0054  0.552778E-06     0.785656E-10
    1.0057   0.00000          0.00000    
   
 Surface:   2  
MainWing (YDUP)                         
     2Ymin/Bref =   -1.0057237299930410     
     2Ymax/Bref =    0.0000000000000000     
   2Y/Bref      Vz/(q*Sref)      Mx/(q*Bref*Sref)
    0.0000  0.781822E-01    -0.155019E-01
   -0.0003  0.780632E-01    -0.154605E-01
   -0.0024  0.778252E-01    -0.153777E-01
   -0.0066  0.773502E-01    -0.152132E-01
   -0.0130  0.766401E-01    -0.149692E-01
   -0.0214  0.756980E-01    -0.146491E-01
   -0.0318  0.745276E-01    -0.142569E-01
   -0.0443  0.731341E-01    -0.137981E-01
   -0.0586  0.715236E-01    -0.132785E-01
   -0.0749  0.697037E-01    -0.127051E-01
   -0.0929  0.676834E-01    -0.120853E-01
   -0.1127  0.654753E-01    -0.114270E-01
   -0.1342  0.631015E-01    -0.107386E-01
   -0.1574  0.605629E-01    -0.100192E-01
   -0.1825  0.578714E-01    -0.927778E-02
   -0.2089  0.550519E-01    -0.853182E-02
   -0.2366  0.521123E-01    -0.778990E-02
   -0.2655  0.490707E-01    -0.706027E-02
   -0.2954  0.459529E-01    -0.635066E-02
   -0.3262  0.427889E-01    -0.566799E-02
   -0.3577  0.396114E-01    -0.501830E-02
   -0.3899  0.364539E-01    -0.440652E-02
   -0.4226  0.333531E-01    -0.383644E-02
   -0.4553  0.303732E-01    -0.331359E-02
   -0.4878  0.275394E-01    -0.283828E-02
   -0.5204  0.248389E-01    -0.240746E-02
   -0.5529  0.222771E-01    -0.202077E-02
   -0.5852  0.198562E-01    -0.167718E-02
   -0.6172  0.175783E-01    -0.137520E-02
   -0.6487  0.154460E-01    -0.111283E-02
   -0.6796  0.134610E-01    -0.887692E-03
   -0.7097  0.116250E-01    -0.697066E-03
   -0.7389  0.993859E-02    -0.537997E-03
   -0.7672  0.840166E-02    -0.407358E-03
   -0.7943  0.701315E-02    -0.301939E-03
   -0.8201  0.577106E-02    -0.218518E-03
   -0.8446  0.467250E-02    -0.153936E-03
   -0.8677  0.371368E-02    -0.105163E-03
   -0.8892  0.288998E-02    -0.693506E-04
   -0.9090  0.219575E-02    -0.438861E-04
   -0.9271  0.162360E-02    -0.264334E-04
   -0.9438  0.114986E-02    -0.147278E-04
   -0.9590  0.764849E-03    -0.737447E-05
   -0.9721  0.471670E-03    -0.326563E-05
   -0.9832  0.261613E-03    -0.121895E-05
   -0.9920  0.123768E-03    -0.352857E-06
   -0.9987  0.448371E-04    -0.672390E-07
   -1.0032  0.942166E-05    -0.574311E-08
   -1.0054  0.552778E-06    -0.785656E-10
   -1.0057   0.00000         -0.00000    
   
 Surface:   3  
VFinLeft                                
     2Ymin/Bref =   0.14265831593597772     
     2Ymax/Bref =   0.22117258176757132     
   2Y/Bref      Vz/(q*Sref)      Mx/(q*Bref*Sref)
    0.1427  0.957147E-03     0.347366E-04
    0.1430  0.954514E-03     0.334795E-04
    0.1456  0.943297E-03     0.309833E-04
    0.1508  0.896496E-03     0.263086E-04
    0.1580  0.794430E-03     0.202324E-04
    0.1669  0.643168E-03     0.139055E-04
    0.1768  0.474997E-03     0.841681E-05
    0.1870  0.319460E-03     0.437951E-05
    0.1969  0.191203E-03     0.187283E-05
    0.2058  0.966319E-04     0.606068E-06
    0.2131  0.369721E-04     0.125976E-06
    0.2182  0.809787E-05     0.114570E-07
    0.2208  0.488610E-06     0.163449E-09
    0.2212   0.00000          0.00000    
   
 Surface:   4  
VFinLeft (YDUP)                         
     2Ymin/Bref =  -0.22117258176757132     
     2Ymax/Bref =  -0.14265831593597772     
   2Y/Bref      Vz/(q*Sref)      Mx/(q*Bref*Sref)
   -0.1427  0.957147E-03    -0.347366E-04
   -0.1430  0.954514E-03    -0.334795E-04
   -0.1456  0.943297E-03    -0.309833E-04
   -0.1508  0.896496E-03    -0.263086E-04
   -0.1580  0.794430E-03    -0.202324E-04
   -0.1669  0.643168E-03    -0.139055E-04
   -0.1768  0.474997E-03    -0.841681E-05
   -0.1870  0.319460E-03    -0.437951E-05
   -0.1969  0.191203E-03    -0.187283E-05
   -0.2058  0.966319E-04    -0.606068E-06
   -0.2131  0.369721E-04    -0.125976E-06
   -0.2182  0.809787E-05    -0.114570E-07
   -0.2208  0.488610E-06    -0.163449E-09
   -0.2212   0.00000         -0.00000    
