
 Shear/q and Bending Moment/q vs Y
  Configuration: PSO_Run_32520_6_323adb                                      
  Mach  =    0.850
  alpha =    2.201    CLtot =    0.184
  beta  =    0.000

  Sref  =   821.00000
  Bref  =    70.81000
   
 Surface:   1  
MainWing                                
     2Ymin/Bref =    0.0000000000000000     
     2Ymax/Bref =    1.0064567151532269     
   2Y/Bref      Vz/(q*Sref)      Mx/(q*Bref*Sref)
    0.0000  0.917808E-01     0.162472E-01
    0.0003  0.916001E-01     0.161959E-01
    0.0025  0.912385E-01     0.160935E-01
    0.0070  0.905169E-01     0.158903E-01
    0.0137  0.894377E-01     0.155897E-01
    0.0225  0.880047E-01     0.151965E-01
    0.0336  0.862226E-01     0.147170E-01
    0.0467  0.840974E-01     0.141589E-01
    0.0618  0.816368E-01     0.135313E-01
    0.0790  0.788520E-01     0.128442E-01
    0.0980  0.757620E-01     0.121087E-01
    0.1189  0.724178E-01     0.113363E-01
    0.1416  0.688318E-01     0.105344E-01
    0.1661  0.649870E-01     0.971552E-02
    0.1921  0.609096E-01     0.889636E-02
    0.2196  0.566574E-01     0.808915E-02
    0.2484  0.523172E-01     0.730499E-02
    0.2784  0.479781E-01     0.655329E-02
    0.3095  0.437423E-01     0.584138E-02
    0.3415  0.397293E-01     0.517398E-02
    0.3731  0.361689E-01     0.457020E-02
    0.4044  0.330362E-01     0.402519E-02
    0.4360  0.301416E-01     0.351999E-02
    0.4681  0.274445E-01     0.305450E-02
    0.5003  0.249199E-01     0.262848E-02
    0.5326  0.225512E-01     0.224144E-02
    0.5649  0.203263E-01     0.189260E-02
    0.5969  0.182362E-01     0.158089E-02
    0.6286  0.162739E-01     0.130493E-02
    0.6598  0.144338E-01     0.106310E-02
    0.6904  0.127113E-01     0.853527E-03
    0.7203  0.111027E-01     0.674149E-03
    0.7493  0.960504E-02     0.522728E-03
    0.7772  0.821602E-02     0.396897E-03
    0.8041  0.693395E-02     0.294194E-03
    0.8297  0.575794E-02     0.212099E-03
    0.8540  0.468816E-02     0.148066E-03
    0.8769  0.372620E-02     0.995566E-04
    0.8982  0.287550E-02     0.640677E-04
    0.9179  0.214210E-02     0.391638E-04
    0.9358  0.153473E-02     0.225091E-04
    0.9515  0.106585E-02     0.121801E-04
    0.9650  0.711623E-03     0.611964E-05
    0.9766  0.440923E-03     0.271951E-05
    0.9864  0.245654E-03     0.101819E-05
    0.9943  0.116625E-03     0.295355E-06
    1.0002  0.423151E-04     0.563170E-07
    1.0042  0.887929E-05     0.480385E-08
    1.0062  0.518702E-06     0.654515E-10
    1.0065   0.00000          0.00000    
   
 Surface:   2  
MainWing (YDUP)                         
     2Ymin/Bref =   -1.0064567151532269     
     2Ymax/Bref =    0.0000000000000000     
   2Y/Bref      Vz/(q*Sref)      Mx/(q*Bref*Sref)
    0.0000  0.917808E-01    -0.162472E-01
   -0.0003  0.916001E-01    -0.161959E-01
   -0.0025  0.912385E-01    -0.160935E-01
   -0.0070  0.905169E-01    -0.158903E-01
   -0.0137  0.894377E-01    -0.155897E-01
   -0.0225  0.880047E-01    -0.151965E-01
   -0.0336  0.862226E-01    -0.147170E-01
   -0.0467  0.840974E-01    -0.141589E-01
   -0.0618  0.816368E-01    -0.135313E-01
   -0.0790  0.788520E-01    -0.128442E-01
   -0.0980  0.757620E-01    -0.121087E-01
   -0.1189  0.724178E-01    -0.113363E-01
   -0.1416  0.688318E-01    -0.105344E-01
   -0.1661  0.649870E-01    -0.971552E-02
   -0.1921  0.609096E-01    -0.889636E-02
   -0.2196  0.566574E-01    -0.808915E-02
   -0.2484  0.523172E-01    -0.730499E-02
   -0.2784  0.479781E-01    -0.655329E-02
   -0.3095  0.437423E-01    -0.584138E-02
   -0.3415  0.397293E-01    -0.517398E-02
   -0.3731  0.361689E-01    -0.457020E-02
   -0.4044  0.330362E-01    -0.402519E-02
   -0.4360  0.301416E-01    -0.351999E-02
   -0.4681  0.274445E-01    -0.305450E-02
   -0.5003  0.249199E-01    -0.262848E-02
   -0.5326  0.225512E-01    -0.224144E-02
   -0.5649  0.203263E-01    -0.189260E-02
   -0.5969  0.182362E-01    -0.158089E-02
   -0.6286  0.162739E-01    -0.130493E-02
   -0.6598  0.144338E-01    -0.106310E-02
   -0.6904  0.127113E-01    -0.853527E-03
   -0.7203  0.111027E-01    -0.674149E-03
   -0.7493  0.960504E-02    -0.522728E-03
   -0.7772  0.821602E-02    -0.396897E-03
   -0.8041  0.693395E-02    -0.294194E-03
   -0.8297  0.575794E-02    -0.212099E-03
   -0.8540  0.468816E-02    -0.148066E-03
   -0.8769  0.372620E-02    -0.995566E-04
   -0.8982  0.287550E-02    -0.640677E-04
   -0.9179  0.214210E-02    -0.391638E-04
   -0.9358  0.153473E-02    -0.225091E-04
   -0.9515  0.106585E-02    -0.121801E-04
   -0.9650  0.711623E-03    -0.611964E-05
   -0.9766  0.440923E-03    -0.271951E-05
   -0.9864  0.245654E-03    -0.101819E-05
   -0.9943  0.116625E-03    -0.295355E-06
   -1.0002  0.423151E-04    -0.563170E-07
   -1.0042  0.887929E-05    -0.480385E-08
   -1.0062  0.518702E-06    -0.654515E-10
   -1.0065   0.00000         -0.00000    
   
 Surface:   3  
VFinLeft                                
     2Ymin/Bref =   0.11580285270442027     
     2Ymax/Bref =   0.17953678858918229     
   2Y/Bref      Vz/(q*Sref)      Mx/(q*Bref*Sref)
    0.1158  0.113840E-02     0.340283E-04
    0.1161  0.113535E-02     0.328145E-04
    0.1182  0.112253E-02     0.304038E-04
    0.1224  0.106988E-02     0.258818E-04
    0.1283  0.955237E-03     0.199746E-04
    0.1355  0.780936E-03     0.137722E-04
    0.1435  0.580041E-03     0.834919E-05
    0.1518  0.390460E-03     0.434570E-05
    0.1599  0.233670E-03     0.185878E-05
    0.1671  0.118157E-03     0.601873E-06
    0.1730  0.452559E-04     0.125207E-06
    0.1771  0.992254E-05     0.113964E-07
    0.1793  0.599110E-06     0.162685E-09
    0.1795   0.00000          0.00000    
   
 Surface:   4  
VFinLeft (YDUP)                         
     2Ymin/Bref =  -0.17953678858918229     
     2Ymax/Bref =  -0.11580285270442027     
   2Y/Bref      Vz/(q*Sref)      Mx/(q*Bref*Sref)
   -0.1158  0.113840E-02    -0.340283E-04
   -0.1161  0.113535E-02    -0.328145E-04
   -0.1182  0.112253E-02    -0.304038E-04
   -0.1224  0.106988E-02    -0.258818E-04
   -0.1283  0.955237E-03    -0.199746E-04
   -0.1355  0.780936E-03    -0.137722E-04
   -0.1435  0.580041E-03    -0.834919E-05
   -0.1518  0.390460E-03    -0.434570E-05
   -0.1599  0.233670E-03    -0.185878E-05
   -0.1671  0.118157E-03    -0.601873E-06
   -0.1730  0.452559E-04    -0.125207E-06
   -0.1771  0.992254E-05    -0.113964E-07
   -0.1793  0.599110E-06    -0.162685E-09
   -0.1795   0.00000         -0.00000    
