
 Shear/q and Bending Moment/q vs Y
  Configuration: PSO_Run_26900_2_e5a47b                                      
  Mach  =    0.850
  alpha =    1.670    CLtot =    0.164
  beta  =    0.000

  Sref  =   934.00000
  Bref  =    70.01000
   
 Surface:   1  
MainWing                                
     2Ymin/Bref =    0.0000000000000000     
     2Ymax/Bref =    1.0062762462505355     
   2Y/Bref      Vz/(q*Sref)      Mx/(q*Bref*Sref)
    0.0000  0.819747E-01     0.152018E-01
    0.0003  0.818376E-01     0.151580E-01
    0.0024  0.815632E-01     0.150705E-01
    0.0067  0.810156E-01     0.148970E-01
    0.0131  0.801968E-01     0.146397E-01
    0.0215  0.791099E-01     0.143025E-01
    0.0321  0.777587E-01     0.138901E-01
    0.0446  0.761484E-01     0.134083E-01
    0.0591  0.742852E-01     0.128641E-01
    0.0754  0.721770E-01     0.122651E-01
    0.0936  0.698359E-01     0.116198E-01
    0.1135  0.672895E-01     0.109370E-01
    0.1351  0.645727E-01     0.102259E-01
    0.1590  0.615923E-01     0.947227E-02
    0.1852  0.583271E-01     0.868801E-02
    0.2128  0.548746E-01     0.790679E-02
    0.2418  0.512671E-01     0.713911E-02
    0.2719  0.475544E-01     0.639467E-02
    0.3031  0.437990E-01     0.568197E-02
    0.3353  0.400656E-01     0.500799E-02
    0.3683  0.364174E-01     0.437801E-02
    0.4005  0.330673E-01     0.381617E-02
    0.4318  0.300431E-01     0.331795E-02
    0.4634  0.272021E-01     0.286112E-02
    0.4952  0.245303E-01     0.244561E-02
    0.5271  0.220196E-01     0.207093E-02
    0.5590  0.196650E-01     0.173612E-02
    0.5906  0.174635E-01     0.143983E-02
    0.6219  0.154127E-01     0.118029E-02
    0.6527  0.135105E-01     0.955418E-03
    0.6829  0.117547E-01     0.762848E-03
    0.7124  0.101426E-01     0.600011E-03
    0.7410  0.867126E-02     0.464193E-03
    0.7686  0.733706E-02     0.352604E-03
    0.7951  0.613603E-02     0.262434E-03
    0.8204  0.506376E-02     0.190915E-03
    0.8444  0.411560E-02     0.135365E-03
    0.8670  0.328673E-02     0.932340E-04
    0.8880  0.257242E-02     0.621386E-04
    0.9074  0.196817E-02     0.398899E-04
    0.9251  0.146942E-02     0.245175E-04
    0.9420  0.104551E-02     0.138218E-04
    0.9578  0.692267E-03     0.689095E-05
    0.9714  0.424647E-03     0.303665E-05
    0.9828  0.234112E-03     0.112718E-05
    0.9921  0.109957E-03     0.324159E-06
    0.9990  0.394651E-04     0.612919E-07
    1.0037  0.820118E-05     0.518775E-08
    1.0060  0.475901E-06     0.702435E-10
    1.0063   0.00000          0.00000    
   
 Surface:   2  
MainWing (YDUP)                         
     2Ymin/Bref =   -1.0062762462505355     
     2Ymax/Bref =    0.0000000000000000     
   2Y/Bref      Vz/(q*Sref)      Mx/(q*Bref*Sref)
    0.0000  0.819747E-01    -0.152018E-01
   -0.0003  0.818376E-01    -0.151580E-01
   -0.0024  0.815632E-01    -0.150705E-01
   -0.0067  0.810156E-01    -0.148970E-01
   -0.0131  0.801968E-01    -0.146397E-01
   -0.0215  0.791099E-01    -0.143025E-01
   -0.0321  0.777587E-01    -0.138901E-01
   -0.0446  0.761484E-01    -0.134083E-01
   -0.0591  0.742852E-01    -0.128641E-01
   -0.0754  0.721770E-01    -0.122651E-01
   -0.0936  0.698359E-01    -0.116198E-01
   -0.1135  0.672895E-01    -0.109370E-01
   -0.1351  0.645727E-01    -0.102259E-01
   -0.1590  0.615923E-01    -0.947227E-02
   -0.1852  0.583271E-01    -0.868801E-02
   -0.2128  0.548746E-01    -0.790679E-02
   -0.2418  0.512671E-01    -0.713911E-02
   -0.2719  0.475544E-01    -0.639467E-02
   -0.3031  0.437990E-01    -0.568197E-02
   -0.3353  0.400656E-01    -0.500799E-02
   -0.3683  0.364174E-01    -0.437801E-02
   -0.4005  0.330673E-01    -0.381617E-02
   -0.4318  0.300431E-01    -0.331795E-02
   -0.4634  0.272021E-01    -0.286112E-02
   -0.4952  0.245303E-01    -0.244561E-02
   -0.5271  0.220196E-01    -0.207093E-02
   -0.5590  0.196650E-01    -0.173612E-02
   -0.5906  0.174635E-01    -0.143983E-02
   -0.6219  0.154127E-01    -0.118029E-02
   -0.6527  0.135105E-01    -0.955418E-03
   -0.6829  0.117547E-01    -0.762848E-03
   -0.7124  0.101426E-01    -0.600011E-03
   -0.7410  0.867126E-02    -0.464193E-03
   -0.7686  0.733706E-02    -0.352604E-03
   -0.7951  0.613603E-02    -0.262434E-03
   -0.8204  0.506376E-02    -0.190915E-03
   -0.8444  0.411560E-02    -0.135365E-03
   -0.8670  0.328673E-02    -0.932340E-04
   -0.8880  0.257242E-02    -0.621386E-04
   -0.9074  0.196817E-02    -0.398899E-04
   -0.9251  0.146942E-02    -0.245175E-04
   -0.9420  0.104551E-02    -0.138218E-04
   -0.9578  0.692267E-03    -0.689095E-05
   -0.9714  0.424647E-03    -0.303665E-05
   -0.9828  0.234112E-03    -0.112718E-05
   -0.9921  0.109957E-03    -0.324159E-06
   -0.9990  0.394651E-04    -0.612919E-07
   -1.0037  0.820118E-05    -0.518775E-08
   -1.0060  0.475901E-06    -0.702435E-10
   -1.0063   0.00000         -0.00000    
   
 Surface:   3  
VFinLeft                                
     2Ymin/Bref =   0.11712612483930865     
     2Ymax/Bref =   0.18158834452221109     
   2Y/Bref      Vz/(q*Sref)      Mx/(q*Bref*Sref)
    0.1171  0.930975E-03     0.278727E-04
    0.1174  0.928710E-03     0.268685E-04
    0.1196  0.918946E-03     0.248733E-04
    0.1238  0.877348E-03     0.211260E-04
    0.1297  0.783325E-03     0.162265E-04
    0.1370  0.636736E-03     0.110954E-04
    0.1452  0.466708E-03     0.664833E-05
    0.1536  0.308483E-03     0.341398E-05
    0.1617  0.181127E-03     0.144078E-05
    0.1690  0.900382E-04     0.460974E-06
    0.1749  0.340203E-04     0.949673E-07
    0.1791  0.738920E-05     0.858043E-08
    0.1813  0.443711E-06     0.121864E-09
    0.1816   0.00000          0.00000    
   
 Surface:   4  
VFinLeft (YDUP)                         
     2Ymin/Bref =  -0.18158834452221109     
     2Ymax/Bref =  -0.11712612483930865     
   2Y/Bref      Vz/(q*Sref)      Mx/(q*Bref*Sref)
   -0.1171  0.930975E-03    -0.278727E-04
   -0.1174  0.928710E-03    -0.268685E-04
   -0.1196  0.918946E-03    -0.248733E-04
   -0.1238  0.877348E-03    -0.211260E-04
   -0.1297  0.783325E-03    -0.162265E-04
   -0.1370  0.636736E-03    -0.110954E-04
   -0.1452  0.466708E-03    -0.664833E-05
   -0.1536  0.308483E-03    -0.341398E-05
   -0.1617  0.181127E-03    -0.144078E-05
   -0.1690  0.900382E-04    -0.460974E-06
   -0.1749  0.340203E-04    -0.949673E-07
   -0.1791  0.738920E-05    -0.858043E-08
   -0.1813  0.443711E-06    -0.121864E-09
   -0.1816   0.00000         -0.00000    
