
 Shear/q and Bending Moment/q vs Y
  Configuration: PSO_Run_33648_8_3a18e3                                      
  Mach  =    0.850
  alpha =    2.197    CLtot =    0.189
  beta  =    0.000

  Sref  =   783.40000
  Bref  =    62.27000
   
 Surface:   1  
MainWing                                
     2Ymin/Bref =    0.0000000000000000     
     2Ymax/Bref =    1.0063915207965313     
   2Y/Bref      Vz/(q*Sref)      Mx/(q*Bref*Sref)
    0.0000  0.942318E-01     0.173715E-01
    0.0003  0.940603E-01     0.173177E-01
    0.0026  0.937172E-01     0.172103E-01
    0.0071  0.930324E-01     0.169973E-01
    0.0140  0.920085E-01     0.166818E-01
    0.0230  0.906490E-01     0.162685E-01
    0.0343  0.889588E-01     0.157639E-01
    0.0476  0.869437E-01     0.151756E-01
    0.0631  0.846111E-01     0.145124E-01
    0.0806  0.819702E-01     0.137844E-01
    0.1000  0.790338E-01     0.130025E-01
    0.1213  0.758249E-01     0.121785E-01
    0.1444  0.723859E-01     0.113244E-01
    0.1679  0.689179E-01     0.104949E-01
    0.1917  0.654235E-01     0.969800E-02
    0.2167  0.617465E-01     0.890195E-02
    0.2430  0.579225E-01     0.811686E-02
    0.2703  0.540086E-01     0.735202E-02
    0.2986  0.500703E-01     0.661550E-02
    0.3278  0.461741E-01     0.591392E-02
    0.3577  0.423901E-01     0.525221E-02
    0.3890  0.386946E-01     0.461449E-02
    0.4216  0.351409E-01     0.400690E-02
    0.4546  0.318087E-01     0.344999E-02
    0.4878  0.286776E-01     0.294358E-02
    0.5210  0.257356E-01     0.248705E-02
    0.5542  0.229755E-01     0.207923E-02
    0.5872  0.203924E-01     0.171848E-02
    0.6198  0.179829E-01     0.140269E-02
    0.6519  0.157438E-01     0.112937E-02
    0.6834  0.136721E-01     0.895659E-03
    0.7141  0.117648E-01     0.698485E-03
    0.7439  0.100186E-01     0.534567E-03
    0.7727  0.842973E-02     0.400521E-03
    0.8004  0.699468E-02     0.292918E-03
    0.8268  0.570971E-02     0.208353E-03
    0.8518  0.457126E-02     0.143500E-03
    0.8753  0.357592E-02     0.951651E-04
    0.8972  0.272029E-02     0.603344E-04
    0.9175  0.200048E-02     0.362226E-04
    0.9359  0.141157E-02     0.203179E-04
    0.9518  0.964010E-03     0.107634E-04
    0.9652  0.634712E-03     0.534975E-05
    0.9768  0.388034E-03     0.235321E-05
    0.9865  0.213553E-03     0.872712E-06
    0.9943  0.100230E-03     0.250931E-06
    1.0002  0.359851E-04     0.474732E-07
    1.0042  0.749234E-05     0.402496E-08
    1.0061  0.436481E-06     0.546991E-10
    1.0064   0.00000          0.00000    
   
 Surface:   2  
MainWing (YDUP)                         
     2Ymin/Bref =   -1.0063915207965313     
     2Ymax/Bref =    0.0000000000000000     
   2Y/Bref      Vz/(q*Sref)      Mx/(q*Bref*Sref)
    0.0000  0.942318E-01    -0.173715E-01
   -0.0003  0.940603E-01    -0.173177E-01
   -0.0026  0.937172E-01    -0.172103E-01
   -0.0071  0.930324E-01    -0.169973E-01
   -0.0140  0.920085E-01    -0.166818E-01
   -0.0230  0.906490E-01    -0.162685E-01
   -0.0343  0.889588E-01    -0.157639E-01
   -0.0476  0.869437E-01    -0.151756E-01
   -0.0631  0.846111E-01    -0.145124E-01
   -0.0806  0.819702E-01    -0.137844E-01
   -0.1000  0.790338E-01    -0.130025E-01
   -0.1213  0.758249E-01    -0.121785E-01
   -0.1444  0.723859E-01    -0.113244E-01
   -0.1679  0.689179E-01    -0.104949E-01
   -0.1917  0.654235E-01    -0.969800E-02
   -0.2167  0.617465E-01    -0.890195E-02
   -0.2430  0.579225E-01    -0.811686E-02
   -0.2703  0.540086E-01    -0.735202E-02
   -0.2986  0.500703E-01    -0.661550E-02
   -0.3278  0.461741E-01    -0.591392E-02
   -0.3577  0.423901E-01    -0.525221E-02
   -0.3890  0.386946E-01    -0.461449E-02
   -0.4216  0.351409E-01    -0.400690E-02
   -0.4546  0.318087E-01    -0.344999E-02
   -0.4878  0.286776E-01    -0.294358E-02
   -0.5210  0.257356E-01    -0.248705E-02
   -0.5542  0.229755E-01    -0.207923E-02
   -0.5872  0.203924E-01    -0.171848E-02
   -0.6198  0.179829E-01    -0.140269E-02
   -0.6519  0.157438E-01    -0.112937E-02
   -0.6834  0.136721E-01    -0.895659E-03
   -0.7141  0.117648E-01    -0.698485E-03
   -0.7439  0.100186E-01    -0.534567E-03
   -0.7727  0.842973E-02    -0.400521E-03
   -0.8004  0.699468E-02    -0.292918E-03
   -0.8268  0.570971E-02    -0.208353E-03
   -0.8518  0.457126E-02    -0.143500E-03
   -0.8753  0.357592E-02    -0.951651E-04
   -0.8972  0.272029E-02    -0.603344E-04
   -0.9175  0.200048E-02    -0.362226E-04
   -0.9359  0.141157E-02    -0.203179E-04
   -0.9518  0.964010E-03    -0.107634E-04
   -0.9652  0.634712E-03    -0.534975E-05
   -0.9768  0.388034E-03    -0.235321E-05
   -0.9865  0.213553E-03    -0.872712E-06
   -0.9943  0.100230E-03    -0.250931E-06
   -1.0002  0.359851E-04    -0.474732E-07
   -1.0042  0.749234E-05    -0.402496E-08
   -1.0061  0.436481E-06    -0.546991E-10
   -1.0064   0.00000         -0.00000    
   
 Surface:   3  
VFinLeft                                
     2Ymin/Bref =   0.13168459932551788     
     2Ymax/Bref =   0.20415930624698889     
   2Y/Bref      Vz/(q*Sref)      Mx/(q*Bref*Sref)
    0.1317  0.894872E-03     0.307116E-04
    0.1320  0.892154E-03     0.296268E-04
    0.1344  0.880949E-03     0.274740E-04
    0.1392  0.836512E-03     0.234458E-04
    0.1459  0.744730E-03     0.182009E-04
    0.1541  0.612739E-03     0.126862E-04
    0.1632  0.464047E-03     0.780719E-05
    0.1727  0.320158E-03     0.412855E-05
    0.1818  0.195801E-03     0.179070E-05
    0.1900  0.100670E-03     0.586298E-06
    0.1967  0.390127E-04     0.122973E-06
    0.2014  0.861763E-05     0.112583E-07
    0.2038  0.522456E-06     0.161327E-09
    0.2042   0.00000          0.00000    
   
 Surface:   4  
VFinLeft (YDUP)                         
     2Ymin/Bref =  -0.20415930624698889     
     2Ymax/Bref =  -0.13168459932551788     
   2Y/Bref      Vz/(q*Sref)      Mx/(q*Bref*Sref)
   -0.1317  0.894872E-03    -0.307116E-04
   -0.1320  0.892154E-03    -0.296268E-04
   -0.1344  0.880949E-03    -0.274740E-04
   -0.1392  0.836512E-03    -0.234458E-04
   -0.1459  0.744730E-03    -0.182009E-04
   -0.1541  0.612739E-03    -0.126862E-04
   -0.1632  0.464047E-03    -0.780719E-05
   -0.1727  0.320158E-03    -0.412855E-05
   -0.1818  0.195801E-03    -0.179070E-05
   -0.1900  0.100670E-03    -0.586298E-06
   -0.1967  0.390127E-04    -0.122973E-06
   -0.2014  0.861763E-05    -0.112583E-07
   -0.2038  0.522456E-06    -0.161327E-09
   -0.2042   0.00000         -0.00000    
