x y
1.000147 0.000933
0.995204 0.002248
0.990261 0.003559
0.985317 0.004866
0.980373 0.006171
0.975428 0.007472
0.970482 0.008771
0.965537 0.010066
0.960590 0.011358
0.955643 0.012648
0.950696 0.013934
0.945748 0.015218
0.940800 0.016498
0.935851 0.017776
0.930902 0.019050
0.925953 0.020322
0.921003 0.021591
0.916052 0.022858
0.911101 0.024121
0.906150 0.025382
0.901198 0.026640
0.896246 0.027896
0.891293 0.029148
0.886340 0.030398
0.881387 0.031646
0.876433 0.032890
0.871479 0.034132
0.866524 0.035372
0.861569 0.036609
0.856613 0.037843
0.851658 0.039075
0.846701 0.040304
0.841744 0.041530
0.836787 0.042755
0.831830 0.043976
0.826872 0.045195
0.821914 0.046412
0.816955 0.047626
0.811996 0.048837
0.807036 0.050046
0.802076 0.051253
0.797116 0.052457
0.792155 0.053658
0.787194 0.054857
0.782233 0.056054
0.777271 0.057248
0.772309 0.058440
0.767346 0.059629
0.762383 0.060815
0.757420 0.061999
0.752456 0.063181
0.747491 0.064360
0.742527 0.065537
0.737562 0.066711
0.732596 0.067882
0.727631 0.069051
0.722664 0.070218
0.717698 0.071382
0.712731 0.072543
0.707763 0.073702
0.702795 0.074858
0.697827 0.076012
0.692858 0.077162
0.687889 0.078311
0.682920 0.079456
0.677950 0.080599
0.672979 0.081739
0.668009 0.082877
0.663037 0.084011
0.658066 0.085143
0.653094 0.086272
0.648121 0.087399
0.643148 0.088522
0.638175 0.089643
0.633201 0.090760
0.628226 0.091875
0.623251 0.092987
0.618276 0.094096
0.613300 0.095202
0.608324 0.096304
0.603347 0.097404
0.598370 0.098500
0.593392 0.099594
0.588414 0.100684
0.583435 0.101770
0.578456 0.102854
0.573476 0.103934
0.568495 0.105011
0.563514 0.106084
0.558533 0.107154
0.553551 0.108221
0.548568 0.109284
0.543585 0.110343
0.538601 0.111398
0.533617 0.112450
0.528632 0.113498
0.523647 0.114543
0.518661 0.115583
0.513674 0.116620
0.508686 0.117652
0.503698 0.118680
0.498710 0.119705
0.493720 0.120725
0.488730 0.121740
0.483740 0.122752
0.478748 0.123759
0.473756 0.124762
0.468763 0.125760
0.463770 0.126753
0.458776 0.127742
0.453781 0.128726
0.448785 0.129705
0.443788 0.130679
0.438791 0.131649
0.433793 0.132613
0.428794 0.133572
0.423794 0.134525
0.418793 0.135474
0.413792 0.136416
0.408789 0.137354
0.403786 0.138285
0.398782 0.139211
0.393776 0.140131
0.388770 0.141045
0.383763 0.141952
0.378755 0.142854
0.373746 0.143749
0.368736 0.144638
0.363725 0.145520
0.358713 0.146395
0.353699 0.147264
0.348685 0.148126
0.343670 0.148980
0.338653 0.149827
0.333635 0.150667
0.328616 0.151500
0.323596 0.152324
0.318575 0.153141
0.313552 0.153950
0.308528 0.154750
0.303502 0.155542
0.298476 0.156325
0.293448 0.157100
0.288418 0.157866
0.283387 0.158622
0.278355 0.159370
0.273321 0.160107
0.268285 0.160835
0.263248 0.161553
0.258210 0.162260
0.253169 0.162957
0.248127 0.163643
0.243083 0.164318
0.238038 0.164981
0.232990 0.165633
0.227941 0.166273
0.222889 0.166900
0.217836 0.167515
0.212781 0.168117
0.207723 0.168705
0.202663 0.169279
0.197601 0.169839
0.192537 0.170385
0.187470 0.170915
0.182401 0.171429
0.177330 0.171928
0.172255 0.172409
0.167178 0.172873
0.162098 0.173319
0.157015 0.173746
0.151929 0.174154
0.146840 0.174541
0.141747 0.174907
0.136651 0.175251
0.131551 0.175571
0.126447 0.175867
0.121340 0.176137
0.116228 0.176381
0.111111 0.176595
0.105990 0.176780
0.100864 0.176932
0.095732 0.177049
0.090594 0.177130
0.085450 0.177171
0.080299 0.177168
0.075141 0.177119
0.069975 0.177019
0.064800 0.176862
0.059615 0.176642
0.054418 0.176351
0.047048 0.176088
0.035307 0.174121
0.022381 0.167185
0.013063 0.156054
0.007251 0.142661
0.003155 0.126204
-0.000063 0.105097
-0.002577 0.077914
-0.004077 0.043401
0.000000 0.000000
0.014127 0.040976
0.022678 0.073626
0.030214 0.098315
0.037046 0.115711
0.043001 0.126313
0.047238 0.130457
0.047971 0.129266
0.045095 0.126596
0.043404 0.125145
0.046084 0.123570
0.050938 0.121692
0.055803 0.119885
0.060678 0.118141
0.065562 0.116454
0.070454 0.114818
0.075354 0.113229
0.080260 0.111683
0.085173 0.110176
0.090091 0.108707
0.095015 0.107272
0.099944 0.105870
0.104878 0.104497
0.109816 0.103154
0.114759 0.101837
0.119705 0.100546
0.124656 0.099280
0.129610 0.098037
0.134567 0.096816
0.139528 0.095616
0.144492 0.094437
0.149460 0.093277
0.154430 0.092136
0.159403 0.091013
0.164379 0.089908
0.169358 0.088819
0.174339 0.087747
0.179322 0.086690
0.184308 0.085649
0.189296 0.084622
0.194287 0.083609
0.199280 0.082611
0.204275 0.081626
0.209271 0.080653
0.214270 0.079694
0.219271 0.078747
0.224274 0.077812
0.229279 0.076888
0.234285 0.075976
0.239293 0.075076
0.244303 0.074185
0.249315 0.073306
0.254328 0.072437
0.259342 0.071578
0.264359 0.070728
0.269377 0.069889
0.274396 0.069058
0.279417 0.068237
0.284439 0.067425
0.289462 0.066621
0.294487 0.065827
0.299514 0.065040
0.304541 0.064262
0.309570 0.063492
0.314600 0.062729
0.319631 0.061975
0.324664 0.061228
0.329697 0.060488
0.334732 0.059756
0.339768 0.059031
0.344805 0.058312
0.349843 0.057601
0.354882 0.056896
0.359922 0.056198
0.364963 0.055506
0.370006 0.054821
0.375049 0.054142
0.380093 0.053469
0.385138 0.052802
0.390184 0.052141
0.395231 0.051485
0.400279 0.050836
0.405328 0.050192
0.410377 0.049553
0.415428 0.048920
0.420479 0.048292
0.425531 0.047669
0.430584 0.047051
0.435637 0.046439
0.440692 0.045831
0.445747 0.045228
0.450803 0.044630
0.455860 0.044037
0.460917 0.043448
0.465975 0.042864
0.471034 0.042284
0.476094 0.041708
0.481154 0.041137
0.486215 0.040570
0.491276 0.040008
0.496339 0.039449
0.501402 0.038895
0.506465 0.038344
0.511529 0.037798
0.516594 0.037255
0.521659 0.036717
0.526725 0.036182
0.531792 0.035650
0.536859 0.035123
0.541926 0.034599
0.546995 0.034078
0.552063 0.033561
0.557133 0.033048
0.562203 0.032538
0.567273 0.032031
0.572344 0.031528
0.577415 0.031028
0.582487 0.030531
0.587560 0.030037
0.592633 0.029547
0.597706 0.029059
0.602780 0.028575
0.607855 0.028094
0.612930 0.027616
0.618005 0.027141
0.623081 0.026669
0.628157 0.026200
0.633234 0.025733
0.638311 0.025270
0.643389 0.024809
0.648467 0.024351
0.653546 0.023897
0.658625 0.023444
0.663704 0.022995
0.668784 0.022548
0.673864 0.022104
0.678945 0.021663
0.684026 0.021224
0.689108 0.020788
0.694190 0.020355
0.699272 0.019924
0.704355 0.019496
0.709438 0.019070
0.714522 0.018647
0.719606 0.018227
0.724690 0.017809
0.729775 0.017394
0.734860 0.016981
0.739946 0.016571
0.745032 0.016163
0.750118 0.015758
0.755205 0.015355
0.760292 0.014955
0.765380 0.014557
0.770468 0.014162
0.775556 0.013769
0.780645 0.013379
0.785734 0.012991
0.790824 0.012605
0.795914 0.012223
0.801004 0.011842
0.806095 0.011464
0.811186 0.011089
0.816277 0.010716
0.821369 0.010346
0.826462 0.009978
0.831554 0.009613
0.836648 0.009250
0.841741 0.008890
0.846835 0.008532
0.851929 0.008177
0.857024 0.007824
0.862119 0.007474
0.867215 0.007127
0.872311 0.006782
0.877407 0.006440
0.882504 0.006100
0.887601 0.005763
0.892699 0.005429
0.897797 0.005097
0.902895 0.004769
0.907994 0.004443
0.913094 0.004119
0.918193 0.003799
0.923294 0.003481
0.928394 0.003166
0.933495 0.002854
0.938597 0.002545
0.943699 0.002238
0.948801 0.001935
0.953904 0.001634
0.959008 0.001337
0.964112 0.001042
0.969216 0.000750
0.974321 0.000462
0.979426 0.000177
0.984532 -0.000106
0.989638 -0.000385
0.994745 -0.000661
0.999853 -0.000933
