x y
1.000348 0.001101
0.995517 0.003303
0.990684 0.005500
0.985851 0.007694
0.981016 0.009884
0.976180 0.012070
0.971343 0.014253
0.966505 0.016432
0.961666 0.018608
0.956826 0.020780
0.951984 0.022948
0.947142 0.025113
0.942298 0.027275
0.937453 0.029433
0.932608 0.031588
0.927761 0.033739
0.922913 0.035887
0.918064 0.038032
0.913214 0.040174
0.908363 0.042312
0.903511 0.044447
0.898658 0.046579
0.893804 0.048708
0.888949 0.050833
0.884093 0.052956
0.879236 0.055075
0.874378 0.057191
0.869519 0.059304
0.864659 0.061415
0.859798 0.063522
0.854937 0.065626
0.850074 0.067727
0.845210 0.069825
0.840345 0.071920
0.835480 0.074012
0.830613 0.076101
0.825746 0.078187
0.820877 0.080270
0.816008 0.082350
0.811138 0.084427
0.806266 0.086502
0.801394 0.088573
0.796521 0.090641
0.791647 0.092707
0.786772 0.094769
0.781897 0.096829
0.777020 0.098886
0.772142 0.100940
0.767263 0.102990
0.762384 0.105038
0.757503 0.107083
0.752622 0.109125
0.747740 0.111164
0.742856 0.113200
0.737972 0.115233
0.733087 0.117263
0.728201 0.119290
0.723314 0.121314
0.718426 0.123335
0.713537 0.125353
0.708647 0.127368
0.703756 0.129380
0.698864 0.131388
0.693971 0.133394
0.689077 0.135396
0.684182 0.137395
0.679286 0.139391
0.674389 0.141384
0.669491 0.143374
0.664592 0.145360
0.659692 0.147343
0.654791 0.149322
0.649889 0.151299
0.644986 0.153272
0.640081 0.155241
0.635176 0.157207
0.630269 0.159170
0.625362 0.161129
0.620453 0.163084
0.615543 0.165036
0.610632 0.166984
0.605720 0.168928
0.600806 0.170869
0.595892 0.172806
0.590976 0.174739
0.586059 0.176668
0.581141 0.178593
0.576221 0.180514
0.571300 0.182432
0.566378 0.184345
0.561455 0.186254
0.556530 0.188159
0.551604 0.190059
0.546677 0.191955
0.541748 0.193847
0.536817 0.195734
0.531886 0.197617
0.526953 0.199496
0.522018 0.201369
0.517082 0.203238
0.512144 0.205102
0.507205 0.206961
0.502265 0.208816
0.497322 0.210665
0.492379 0.212509
0.487433 0.214348
0.482486 0.216182
0.477537 0.218010
0.472586 0.219833
0.467634 0.221650
0.462680 0.223462
0.457724 0.225268
0.452766 0.227068
0.447807 0.228863
0.442845 0.230651
0.437882 0.232433
0.432916 0.234209
0.427949 0.235978
0.422979 0.237742
0.418008 0.239498
0.413034 0.241248
0.408058 0.242991
0.403080 0.244727
0.398100 0.246456
0.393117 0.248178
0.388133 0.249892
0.383145 0.251599
0.378156 0.253298
0.373164 0.254990
0.368169 0.256674
0.363172 0.258349
0.358172 0.260017
0.353170 0.261676
0.348165 0.263326
0.343157 0.264968
0.338146 0.266600
0.333133 0.268224
0.328116 0.269838
0.323097 0.271443
0.318074 0.273038
0.313049 0.274623
0.308020 0.276198
0.302988 0.277763
0.297952 0.279317
0.292913 0.280861
0.287871 0.282393
0.282825 0.283914
0.277775 0.285423
0.272722 0.286921
0.267665 0.288406
0.262604 0.289879
0.257539 0.291339
0.252469 0.292786
0.247396 0.294220
0.242318 0.295639
0.237236 0.297045
0.232149 0.298436
0.227057 0.299812
0.221960 0.301173
0.216859 0.302517
0.211752 0.303846
0.206640 0.305157
0.201522 0.306452
0.196399 0.307728
0.191270 0.308986
0.186135 0.310224
0.180994 0.311443
0.175846 0.312641
0.170691 0.313818
0.165529 0.314973
0.160361 0.316104
0.155184 0.317212
0.150000 0.318294
0.144807 0.319351
0.139606 0.320379
0.134395 0.321379
0.129175 0.322349
0.123945 0.323287
0.118704 0.324191
0.113452 0.325059
0.108188 0.325889
0.102911 0.326678
0.097620 0.327424
0.092315 0.328123
0.086993 0.328771
0.081654 0.329364
0.076296 0.329896
0.070917 0.330361
0.065514 0.330752
0.060084 0.331059
0.049646 0.332130
0.028907 0.328135
0.012713 0.313094
0.005715 0.295662
0.001707 0.274328
-0.001326 0.245232
-0.003768 0.205522
-0.005548 0.152864
-0.006173 0.085123
0.000000 0.000000
0.016223 0.083632
0.025649 0.150216
0.033919 0.201301
0.041527 0.238598
0.048544 0.263619
0.054587 0.277360
0.057639 0.279809
0.051495 0.273300
0.040806 0.270336
0.040418 0.268782
0.045039 0.265915
0.049686 0.263132
0.054357 0.260424
0.059049 0.257782
0.063761 0.255202
0.068489 0.252676
0.073234 0.250201
0.077994 0.247773
0.082767 0.245389
0.087553 0.243045
0.092351 0.240739
0.097161 0.238469
0.101981 0.236233
0.106811 0.234029
0.111651 0.231855
0.116500 0.229710
0.121357 0.227593
0.126223 0.225502
0.131097 0.223435
0.135978 0.221393
0.140867 0.219374
0.145762 0.217377
0.150665 0.215402
0.155574 0.213447
0.160489 0.211511
0.165410 0.209595
0.170337 0.207698
0.175270 0.205818
0.180208 0.203956
0.185151 0.202111
0.190100 0.200282
0.195054 0.198469
0.200012 0.196671
0.204976 0.194888
0.209943 0.193120
0.214916 0.191366
0.219892 0.189626
0.224873 0.187899
0.229858 0.186186
0.234848 0.184485
0.239841 0.182796
0.244838 0.181120
0.249838 0.179456
0.254843 0.177803
0.259850 0.176161
0.264862 0.174531
0.269877 0.172911
0.274895 0.171302
0.279916 0.169704
0.284941 0.168115
0.289968 0.166536
0.294999 0.164967
0.300033 0.163408
0.305070 0.161858
0.310109 0.160317
0.315152 0.158785
0.320197 0.157261
0.325245 0.155746
0.330295 0.154240
0.335348 0.152742
0.340404 0.151252
0.345462 0.149770
0.350523 0.148295
0.355586 0.146828
0.360651 0.145369
0.365719 0.143917
0.370789 0.142472
0.375861 0.141034
0.380936 0.139604
0.386012 0.138180
0.391091 0.136763
0.396172 0.135352
0.401255 0.133948
0.406340 0.132550
0.411426 0.131158
0.416515 0.129773
0.421606 0.128393
0.426698 0.127020
0.431792 0.125652
0.436889 0.124290
0.441986 0.122933
0.447086 0.121583
0.452188 0.120237
0.457291 0.118897
0.462395 0.117562
0.467502 0.116233
0.472610 0.114908
0.477719 0.113589
0.482830 0.112274
0.487943 0.110965
0.493057 0.109660
0.498173 0.108359
0.503290 0.107064
0.508409 0.105773
0.513529 0.104487
0.518650 0.103205
0.523773 0.101927
0.528897 0.100654
0.534023 0.099385
0.539149 0.098120
0.544278 0.096859
0.549407 0.095603
0.554538 0.094350
0.559670 0.093102
0.564803 0.091857
0.569937 0.090617
0.575073 0.089380
0.580210 0.088147
0.585348 0.086917
0.590487 0.085692
0.595627 0.084470
0.600769 0.083251
0.605912 0.082036
0.611055 0.080825
0.616200 0.079617
0.621346 0.078413
0.626493 0.077212
0.631641 0.076015
0.636790 0.074821
0.641941 0.073630
0.647092 0.072442
0.652244 0.071258
0.657397 0.070077
0.662552 0.068899
0.667707 0.067725
0.672863 0.066553
0.678021 0.065385
0.683179 0.064220
0.688338 0.063058
0.693499 0.061899
0.698660 0.060743
0.703822 0.059590
0.708985 0.058441
0.714149 0.057294
0.719314 0.056150
0.724480 0.055009
0.729647 0.053872
0.734815 0.052737
0.739984 0.051605
0.745154 0.050476
0.750324 0.049350
0.755496 0.048227
0.760669 0.047107
0.765842 0.045990
0.771017 0.044876
0.776192 0.043765
0.781368 0.042657
0.786545 0.041551
0.791723 0.040449
0.796903 0.039349
0.802083 0.038253
0.807263 0.037159
0.812445 0.036069
0.817628 0.034981
0.822812 0.033896
0.827996 0.032815
0.833182 0.031736
0.838368 0.030660
0.843556 0.029587
0.848744 0.028518
0.853934 0.027451
0.859124 0.026387
0.864315 0.025327
0.869508 0.024269
0.874701 0.023215
0.879895 0.022163
0.885091 0.021115
0.890287 0.020070
0.895484 0.019028
0.900682 0.017990
0.905881 0.016954
0.911082 0.015922
0.916283 0.014893
0.921485 0.013867
0.926689 0.012845
0.931893 0.011826
0.937099 0.010810
0.942305 0.009798
0.947513 0.008790
0.952722 0.007784
0.957932 0.006783
0.963143 0.005784
0.968355 0.004790
0.973568 0.003799
0.978783 0.002811
0.983998 0.001827
0.989215 0.000847
0.994433 -0.000129
0.999652 -0.001101
